379978325
3853024151
4133398323
185679426
2256715420
2882238012
4014229996
2129470548
3907579060
654397281
874473148
4104817205
2882140635
1645528226
3043743431
4252954323
367526729
4214626509
1569606552
151561806
1814354987
871921034
930224091
964471018
1047877901
3397955685
442236762
3184006058
2803530443
1469392934
3360179196
3581157793
1036016734
998912498
1958583259
396179493
2303775063
61259439
3420230591
784104313
3990700706
2064796656
2619930297
1904455854
3639876893
2496449948
1284700199
225188993
3376023307
36979116
958149852
1577266294
941568202
4221628940
584041019
1887029688
1557822606
2415400285
1436878794
2974001336
1078680952
3981386362
2770572878
368989934
4147875299
2803887760
1335644090
4225806473
1584378684
1994989164
3186051220
272252969
2997299895
4057337341
4037806857
387789051
1744331524
3927360278
3307962462
1274574954
2954647482
2735403943
1624897050
2885815306
3909881957
2656722852
3035107190
3938059860
2862721055
3503723860
3336418015
3248765771
448578007
3338086894
4053925659
3015019580
2303242144
2744327083
2365671618
302777542
3065513411
3348781418
4187950392
2816677242
3485543413
3747861338
2599269070
2816283922
4112987512
1333811886
4169002012
4194668079
1711135508
1946330498
1916567170
2546668300
3098816151
1119538695
21928543
1303831336
3323409857
2687040242
3240786994
4085532587
1771471368
4045171144
3979791304
1057432420
3032276177
2682686999
762869013
1812666295
3708928716
809477349
3358723762
2172235516
1596255148
3030190015
1608739583
888002856
560191325
340839767
1412447399
581362595
671702171
3799335090
1558439245
1094077419
1294235958
1449988302
3937256430
1377390634
1972408565
4242594319
3572928738
1480850975
2740120334
443322223
903376612
1042607676
185628496
2439753142
448807149
416693692
4222298142
1902256544
2045340278
3605027834
2572088052
847328402
438486549
3896541511
3997966977
3128709137
3337074608
1813248549
3085118734
2583527653
822811152
1364159626
117503821
385964906
41143423
2516441423
1830596610
3294967942
2934627354
3108367379
4028291395
335224961
47725396
659167359
2008892130
1740115841
340407525
831209856
1113707170
4159832931
752273989
970500249
2513539887
3849995715
1924646006
4127351216
2397257055
1790777873
3239676676
3012131865
302747166
4290813443
2952589558
4247220703
1276727155
1545226927
2366760410
2195994364
3333885487
497780493
342450533
67968264
857428062
3300451692
2354677041
3665129948
2663567194
711480032
3660108097
369522057
2915237568
1861573321
2021635566
2214810356
2039379965
3992427991
273360605
885192204
53427700
2202479684
2058693351
3580032845
2271941237
3488396567
3899630679
2058529274
2384099092
4164629501
4280865694
4250123425
1587255554
447778644
558390738
4059376691
919237123
3222223726
4170803367
451037761
2600733738
820435004
3276118567
3321421619
659239548
2609674664
4058263887
1278873811
1692542009
2645202973
454565210
2905506383
1582474426
2604384600
1296754947
2087460724
1072331900
2947902054
1598996047
2990897280
3194430260
3412507141
402836429
3350210798
163334755
3184563186
3274309389
3018355226
1899575991
983842620
2138228362
3060554470
49722101
898836625
1972445725
569795944
832475405
146427477
2457760715
3996535913
73220274
2436369142
782955869
940454147
3918098789
902734207
622191573
3373731135
1139328741
3018559014
2417263802
432065858
277259362
816440965
787319615
2874160423
875782379
3295512750
3266134959
2616749850
1083088207
1372901357
3341529322
2686922655
96127624
1376967797
3124630599
2130348260
3678058092
989564028
567952110
960016794
2192529607
446911335
796521474
1492772575
238672613
872386021
1291656540
3091747013
484005570
3872350798
3004896695
3815946346
542054214
3451145153
3134899344
1346422199
3640939688
4109114441
3199605115
1906890844
2239746741
1894132597
1558071459
994783886
2506223260
4113611516
861843924
1760056386
128194395
4247874519
2841814068
828418268
1313614192
256893845
1255095416
4155841169
2910587558
1404875109
2476396689
318217958
1618816160
198393332
2565233391
2480981816
3846659049
4198161968
2357730960
4229198994
3305161635
860010591
97359196
526837192
1374351161
674525850
3672758088
740432271
1214105715
3006706416
3985370221
1825523911
1081375375
122870175
3410653896
919967337
3073648995
458796326
1661095105
516124624
842028687
935758049
3495175329
2949276456
877220433
868401587
691624353
1700408636
1890442892
1035388351
1391582806
2278765667
3536757589
39815824
3967532968
2617045846
2130065266
512945755
2292922195
3145736600
124316900
4110194449
826066088
2926298687
3200324012
2657050468
4246116670
4124979873
3432252849
109559436
2983200948
2159958027
2389814980
2386793205
2671827398
3984140047
3993550982
1670086343
2838778607
245238362
406476873
702729088
2297630948
3431161957
709885480
1991432157
4185774424
2232726176
3120654468
1667551166
2942949003
310622745
1493795711
2230573844
309031943
1614963021
1293911084
2683991111
1838805518
2888965731
2824254583
1349580566
3493771064
3543049917
3487615868
2474192374
3310656878
1534889487
3951928991
2774747331
3938913271
412477646
2268367922
3305667731
598390725
394450268
232773693
3738397379
3388697934
1747799549
2697019831
2504623062
1542662816
4239901696
327975469
108694253
2351270879
2480727140
1112366785
1770351868
127164434
230923200
3839951163
3634932252
4022295436
3125667477
2337872333
722347754
2999941286
1472008256
3811200803
3626614464
4124286488
4269844340
2657389774
519818336
2131272986
3774136867
1898547898
2588138498
2963617506
1717836916
1792670498
3329157618
3420521059
3830818768
4121441990
2407987577
2914700290
278372150
3754454356
3084755470
3716676414
3455057118
1142818466
661628437
13152597
4129015795
599647105
4078140555
2659133157
3765349292
1705431912
3933808718
3285081565
1131082103
1442853086
2753617999
841151437
1664605350
2691054574
255214734
254182084
2248034548
2737573099
2584976702
2812610505
1584327726
1051396345
537944137
1651883955
3646153936
1268466933
2965672756
2831241574
2549371372
3332884740
1232626357
1214924899
3594782240
2237882362
2100749432
3315612817
1513617973
953976811
3545590928
2558234625
3971789008
1267830621
1549892499
2203068877
3850860784
3186436926
115965291
178766944
1112327496
1727766512
1189869064
1623912753
53319367
2935142318
1666539612
884785662
2726809705
717390069
3660534438
2078932632
1526006274
3088920458
1387325404
1351871665
504532941
324213629
3599417383
255230126
1777864556
3615849374
31931306
3178874136
2712980189
3744696448
2595505469
2787691187
3715647356
2682538189
355910136
495298041
1401993154
197464802
3677433505
2936331194
1487422821
1931412327
373175359
3135332053
59833689
3356779241
1110831634
2092508301
1893798228
3481032200
2199095200
4247713376
3670484305
3441050232
1807978845
1052562033
2990656841
1067998176
2671483606
2243312450
674859910
3327376930
2753135554
3007759762
2702658909
772170316
3948164575
3630834941
2529286691
3585347807
2094452280
500155962
3503610650
3901343884
3707820256
2225836334
1296288974
1074972332
4082032841
3423489111
2215738606
3881441748
875490029
1712587853
2554565110
339692642
1460902977
2461762450
3378446848
1964821461
3021673756
1502412222
4094047167
2552550399
1214816879
1421682951
1763983376
553035338
4004983061
337599878
1886628234
1791407333
3528534971
3645051830
3331506458
1583853845
3801211909
3220413724
574020258
1151491072
2886812640
2616209741
1438770870
620593204
2729225591
2953575209
338069607
442251323
1650212319
2532968217
2005936338
922921969
831629077
4121683898
4171609404
2229296352
4078578186
4053210531
1864489432
3890012626
1945499996
3053527730
3826374414
1226788417
3481528738
2632146357
535307930
1953478483
1638191665
1924749691
1699789435
2953214686
4035402035
2263887595
4074722117
4162222297
3535991941
1049433852
3582147273
3994100521
3776183594
4292487803
2867991085
1702953081
1428719973
448399890
845959027
3317711308
2760990401
3726429380
2618157418
3640967978
3809438092
2138667619
4221758577
3020320325
100060948
2334845824
3783847412
565552315
3630226133
516084372
190704722
1666293033
3133050325
1416825624
3230405968
1688009287
2895439162
136812594
3454123148
4237947629
1003146953
1009406743
1405076421
1789770657
1116808770
181674600
2516105542
3598394883
2376569061
3075665735
2947629529
1766947681
2013791867
2993240776
476357121
2967724742
1875511962
1665563940
3088693335
2826058772
2058754380
1544986807
4290042097
45380153
3536319379
132943961
172518198
2765717875
694897227
3173955312
596376723
2684377258
1827281935
1749944651
668340448
3989811276
4148874105
2155375991
1798237451
2252481364
424265376
1914265084
678439269
92193842
2035981876
1426501633
868571141
3433851209
929378685
3254076679
3019317087
1296570889
34445850
3061058304
2548838035
1673002907
2824802407
3947243898
1257787685
787759803
3629964634
1161809003
1076615696
177231405
4275674813
1611655353
1367595052
622327318
1810293973
349426293
2405326176
3342794018
1219951852
2374977363
4112548031
884366779
3656717576
2147448315
2817800268
2391447492
3615105815
2980762566
1495203758
180694614
2513298864
802538307
3478500999
2786501623
3044585224
2910650555
1685805663
830987046
2236577855
3099432376
1381495642
2348553879
2550004267
2876442282
1588073311
1147814820
3103641076
324874287
1506626786
2366136095
797013064
1027835612
2747079419
682997312
1297463154
1632018682
4625047
3654702666
3623764354
831827550
888980651
649482236
2132416792
3181781717
1647369234
2514692315
2563980467
1412918997
3393972062
3377057546
713701247
787936012
890221219
2998087319
3907675342
29921563
1187670038
3284265547
198807591
2731566645
106109502
2329369979
3837686996
1501406654
3739190515
671842731
465616632
1527275873
3286254185
4265176963
4227863257
1653832174
2412961278
787737839
292235269
1375040296
2977754355
1118143758
3824574699
2898038143
1496729565
4155642506
3823390870
3951035136
2076898741
924072059
282001939
2836785630
3176174906
2109675701
3169257351
2213838441
3165667898
1519143746
1561889377
3686872044
1130973410
1362548198
2462819129
3522531338
2430391671
3204284841
2827353160
394519854
1510598967
2703294357
4179883042
3350844452
21698480
121175648
2454809972
3500137735
1190957111
4126658630
2859545010
2056778209
3228410952
3309224138
4071732290
4269337353
869065178
957574746
964046738
544937938
2853671603
3003296819
577165366
2888347572
3709721529
2356262761
4122899883
1421537922
2432542744
3196728967
2336604332
7738635
2299440449
4272483671
2176049657
2477102447
1893375929
1993991370
1050626011
2637484220
4184637366
2166228855
2722284844
2611183665
543983465
284444854
2667040545
3008218174
3342292356
1238966400
1382961085
3713218420
198527125
234518077
1221292519
1976966965
2134578642
1886360106
400509125
1008908155
333123862
1674710581
3847311497
1027579668
3248772465
1630419851
54899672
3005371095
1928559571
1056808176
3550616959
2501012448
3965793547
3417806379
360415028
3163879998
3890193853
3176294968
1452338258
313857258
1112639669
3259087066
2663150150
1557280363
1863081066
823172988
1846561619
2520929232
4285979454
2146356108
2587907345
2416723574
2368529398
1690456679
2392280973
152603365
1263819684
1232536042
4112097584
3700047425
2991047938
668413753
2405425542
1282869811
2868963059
3080113773
3572486334
974018541
1625536953
2338143731
635575958
1073587771
1746562096
1828850212
206918477
2955167464
3539910082
2121750974
1706858920
3906599818
1088307137
3930816433
635020113
3728372667
3106865483
2703536997
3387346436
2004904613
2083146414
2292738772
3754964150
3491776685
782030027
2285310732
3960493701
3775376867
3858005131
2717982648
3064891440
1870636297
1956345118
1604080865
4189700968
160238555
3373635842
3987864718
2237951278
4208573952
2248997233
879706799
2688318762
1679563200
176173303
1548980673
1035571930
96956374
3747082185
3228415122
2873893963
2473591369
2871959740
1995415849
4180569463
4038861567
1828490077
3292432668
906484575
2678221525
2097063912
3610100943
1708813581
2556435780
1867647996
3668972614
1631748984
3329816478
398376275
3677448509
3720960851
2489843712
569931926
892217745
1973474151
1228263644
308939492
3265070845
1324672210
822982565
3861874577
3004909113
3043309697
2468250870
1846812708
2059479803
3707770655
1493335064
3860935625
3741800234
3194431920
4210451383
2461764119
3104413677
320070182
2339704836
2320856155
4293382101
1225559884
3437371239
226277187
1661254529
3136694967
2661559614
3182424353
1107737316
3344388495
752664808
971634923
1667505097
2794787946
1497654058
201700034
3390372287
4015946620
1262477045
3565273950
655068857
2444665555
238614660
577077335
3873377167
1648552448
313464055
1911720857
638724981
1113789652
2403285753
4016686312
1370202984
1817662304
3720645274
950481073
3279245545
2310844861
128728176
1141098417
2851929218
3888522787
506087439
1406818659
3829204075
1317256726
2709802077
1547382222
2164561023
4221194058
991969293
2246193372
2641532015
1731272491
1279506627
3862843650
2205596321
298654150
3819263982
3107421540
3746707708
481501017
2835770857
2623282801
3430459520
1312594285
651838877
3563273031
4281234165
1797109858
3833101570
1226729905
1445861647
2554336197
287114308
2438428857
560244623
580533132
1892450034
2951121504
1375955568
1532604404
2751052661
3889520111
2386926155
1350536669
1843785221
2424525830
2821189873
285892580
667521786
2916494876
447498288
181764223
2605112491
1787821782
1052301337
3043459527
953348734
4200759557
1441617081
3175569177
2812197475
2466078931
2046730799
334809295
3635954571
1531723678
3308647962
700029958
3017876767
4021781383
2141718666
3520766165
738744110
2626531155
553436774
4204756916
428221243
1985968301
839810194
1825711944
685242387
3891639028
993027755
2712803484
4021593335
3634853537
3328558458
2898987675
1824168962
977860889
724114185
1929470995
1273177071
43215528
960834879
698889813
3423830395
2878185745
2507315100
799059217
1647283252
1767403450
1246556230
1191260913
2287839483
3623868453
1463109960
3435375853
593074838
686718158
1498650715
3387622814
3079079641
2082834589
2121938493
1579475507
2241279646
3402457059
3611994882
2909495882
268567695
1303924251
3355120286
1508173470
1899047759
99448150
2555311672
3676162462
2447666458
3992194505
1005429827
1105308617
3668891445
1759339456
814738255
2059711901
1188463303
3644978405
3740699759
2842348565
2244798204
825112398
1636150371
155915328
3218256557
2128796544
2146782147
2419224276
3827220006
761359784
1618955735
3466771634
2596161043
2196384449
2259941063
1427713267
376084572
1061782199
1432327709
643786461
1541824537
2065166651
2850178331
1235928480
2077692909
803701084
2323936901
3813995997
901362394
1413642778
2676121077
2033416321
3146031302
3422816803
536750190
1294953932
30095869
1241335949
95622745
812619513
1639957092
1440400856
1398706547
4194435096
2768940112
3089775882
812644001
3999401145
2789705644
239006208
834857013
2837428200
1973785899
154443124
1929237319
611334847
4246686285
1063749530
4271654566
2690169372
3819750994
547667813
4004516884
40432122
2023310059
2709740456
1365505838
1943752220
3627404215
200540525
2732001135
1523032378
2037596790
2452754686
3223281103
3204421079
3070235761
1544196990
569180681
1888242639
1300756175
3306321238
3053247554
1468392730
3298518787
633276036
2205177401
2158338921
417510412
97186224
107929549
540477930
2412887248
3456374675
1354182308
1803671441
2741959664
644114153
2107496852
89804566
865461433
1651016048
220175112
1653042300
3463912181
675744254
2217391686
1514044269
500179504
2648372274
3609480795
1263703487
3524299353
4144808701
523487599
229432115
730717550
1468896272
1720968252
1034319331
1776851950
395996179
2898702573
102665954
1845657947
48504135
1385641915
142152649
185515301
3931227156
157294713
1991663262
2416207869
4186034472
3127865784
3500479287
2916591473
1770192756
2811791598
3650566075
3528208621
3216605155
3968687074
2976260265
2918464059
68165911
252240667
453722561
100960444
575402976
834678158
1957808307
1981831832
2648431213
781962888
1213491608
415672667
4190093417
4058788300
1394083574
2757558377
33106303
4059252370
308955361
2668574674
1407807474
1497746752
2805753626
2818823653
2946085746
2135410041
60112756
4258219847
3332894552
3270449940
911805528
117737727
1077593984
3405787060
819010042
2440481868
3406911401
4141193081
1274530282
924306684
3211131126
3429548031
3535440218
2144273982
4294063280
4202367221
4236869365
45596957
1873129841
3824686376
3497589428
3111708926
1942824472
3525591635
1174185086
3467747722
1584893761
1788702934
1942815373
860942958
391245854
4246530241
4017754271
1313218126
3765137759
407843401
3762503779
63635819
1279373408
2620529102
3784964233
2095715738
1720523033
3940402088
2666695428
761212846
1144441208
3848083103
1653886181
2174242127
1629292594
1444032937
800573340
1610837562
3922636390
3988690588
852661089
2708409654
208365724
3611399431
2785759787
1441602587
1752997150
3872944682
2885420226
524031986
1541553130
3603766279
4094022776
3366811632
3084253659
1092924174
2651572917
1314135010
376159818
653082420
2628156869
3887362178
2052789761
3575546130
4242649749
1106745119
3704035782
868233931
1960101374
1787097550
1933387916
198803756
919135066
1541446576
4066727501
937448296
2552074214
4188459178
2853618217
3939256716
626195701
798172565
1614568253
3525668804
1132824009
1185195242
3997592887
4117198806
3678311682
543524113
3992312401
4241547581
3308012809
52769552
3507286166
2671459581
2920976463
3914610804
2119078882
3702070231
3983064798
1434574554
1911696433
3538325618
131765436
614786419
2542741604
4024336872
529231430
3161686162
832751649
1198332524
98421559
3056963260
3382942095
1760240947
2259534406
3949847673
1341077595
279660763
2699839904
3141276594
60735749
1009082479
1803541853
1229446069
808263630
2984161799
1562703092
3983841324
3671385088
2691905005
2604667811
1159605758
1024292472
1255536676
3691519819
392436751
1521084138
1901064113
1487428302
3514671934
3429652525
1741529026
3955855289
3089581405
905001470
3030291168
3076701769
2145892118
2431591994
748006693
54565669
3202544298
632938319
3387826730
504699790
4077813590
4039573062
2201561847
4197691455
2717040803
2703530018
359245862
1181104863
1742320931
2659567579
2293715338
1669688628
2068048831
1153856189
2188282292
3632344505
3231734416
489509840
2233878732
129040198
2681830446
898915645
1468183326
393241350
247954536
1116390361
3424554604
1186643598
1287743925
2648214465
4282870959
928139829
1822731860
4178794606
3383782201
293449433
1962392572
2879857675
2048358146
4227461063
1325149755
1619097630
3391239221
4086333263
4227179694
4079950182
1035819916
3640989371
1149181237
2084435634
2274519000
2921366951
388912838
528529660
2878262438
4078167955
3355787523
295878050
3011498705
625325445
1437052252
963330389
2138254444
667772724
501960191
2178180929
1137113902
807968479
3450393721
4261418868
1497040957
2444684784
1306087272
2176224984
291750041
2774966901
19781652
3259488190
134063915
2278749986
2588398568
3488410283
579858039
3117497751
417115042
3698021399
3596507379
1537633488
120479726
2962797832
1524394454
135051095
1410016720
3622774650
1386681076
1179976107
4043790977
3472369207
471437787
997331670
919463581
1089297372
829502602
505919221
354820993
2663153253
3351907933
1516948455
3666092672
1280596864
3650141251
1495196044
3348976933
1454298706
2190665882
2799640933
4262228996
1177220730
920556528
690055917
2223122164
1512123318
874687043
493833126
496536876
4041140674
406368021
167317835
1728640361
3097062475
1458814942
2434535186
725616997
3555053288
2523078200
348600454
3331683461
1376461239
3670390802
1406479542
4263005833
2323115883
1547400487
983332909
3869760156
829328945
4259909894
1879928661
3668956795
1993881262
4216381787
3531874472
121027098
3146372878
4152685579
1067436315
3714727291
3382414835
1442588527
970699995
2449624629
71793151
3676402341
2048143974
1499566054
324064514
168479644
504723493
2690517872
3684365509
2804093410
835706580
2035545727
1044455475
421075496
436820718
1558865356
3317112436
2537213107
270782755
1421642959
2893946337
3854216792
3832871577
2933449428
719007327
2274504407
640794511
2509380846
1739025980
3147400659
2917360650
614611510
3682099319
2957397986
3762414042
1062968919
3925934816
518559279
1537092476
2985776966
3063717395
2213924707
898491639
1194105956
3507000338
3157622193
2951006319
1385496624
1711702113
478130954
3455060487
1401403899
399792117
1034244395
1563054557
4197290986
1321880788
1087466305
3876234144
2156101377
312704206
1956143873
3654355984
1322632886
1712511475
2457164877
2595058962
1552592161
600502918
2536928481
2022821752
4269529893
1842295399
1224633082
4135893888
3741883460
2996568930
2806094176
2120952753
577254446
3839231583
1726051472
2029674775
2529128365
913095331
180160365
3742268909
1888213757
4107414203
3644817324
1147294128
4231133003
2495233573
3218700526
598449111
869015165
2720696949
3207578997
116626152
69933533
4160276758
1134112052
3630102013
1562457721
3874459928
4060574753
2239115748
358574574
1347833882
3016850376
1818471680
3246637307
1137615259
1021019442
18277112
2150934640
1320838959
3402881839
149337746
361896405
473005750
3131440544
3584185811
1644021550
1021387481
409298059
3771684130
2832819683
4149237034
3195971761
2308349693
1750850234
790015078
890410253
3312728075
3925902523
2752594234
2843554890
2000383524
382103318
3392720233
1165578643
4007873606
1966301287
1685867045
1282969551
133599750
1253418712
4116210733
3635192366
2169880060
3580169168
957005254
1020546432
3616885302
3141410393
1424640460
527458382
1390726680
1630690225
1564998066
3177743564
864988420
347129245
3260149052
2519631535
254084259
2513151283
3415624900
673961620
1677142031
316969208
1216507238
289319135
2497612405
2016367658
2809672777
805560917
2184460246
3956738193
109271130
810907717
823970100
3873747863
2979372479
2694507503
1311398767
1618726627
2110744108
2600187610
4029340397
2717470598
1417686418
1472358604
622544777
1133342125
1847704838
2365915600
693584455
4156563635
2117917327
1022731169
1805573648
136801978
1669464530
4150707547
249297977
2478248873
568053301
2159617508
540477396
4090312768
1249102600
3371539440
3729395293
3677151633
10735472
3673977224
2722673155
2337487725
3560831869
116221021
1595179807
454577152
3801006017
2882451413
2614283222
3366338690
3787020845
1827436494
444456052
1155225031
2479193910
2170837656
70904727
3308999532
1455827974
1345577133
2592189022
2799615244
706228169
2173595035
767449078
2693652511
1121180015
3505231350
3213611767
1364347281
2731582881
3555052874
1545532695
736493631
1270407590
3126219794
752948585
2724458360
2226074266
3019792770
1003138367
2557770896
3260144246
785571265
752901968
3965209135
545062385
1117489702
3379938002
1485178612
2903339808
2585419698
3379191164
993814636
2695641488
3030852118
3346137182
1753135945
980747786
999678209
2542344602
2419753929
3287428743
177621857
1047120044
2182908880
3873815289
796493580
3036400386
3074071149
3363994677
2815228490
3794394533
3528471263
2498179881
2621072365
1711812305
3285829890
2791285996
1230145187
3745802190
3491534678
692139166
533286683
1262775528
1197769359
1122245383
3671597020
862548043
1020538274
184406444
194317115
2927937501
2032648566
303415880
4098859216
3572710131
2867403074
2327053271
3561818996
881241945
593199259
3926810541
3592097327
956843942
155957422
4023674779
75751423
712699577
3987242626
2868237738
1741368249
1845440125
3385069414
3721407077
193287264
3410880800
1622020601
1817547763
1228506627
4266432708
113432819
3613048252
4276480855
1621638781
2636566589
2228419251
4081158962
2172271521
1858047650
3713538453
3733416695
1963005685
938090228
288759405
1543015762
1828931693
3588285154
2331087037
1169370139
3866167051
2215881025
4209622697
2061473025
1776959721
128186695
4235428595
4286726603
781308125
3263013838
2803056278
3289522512
624482095
2365125310
4279852403
3595122616
1201451478
96718618
2224287085
917242406
4131257744
667547365
76579070
1669650146
3429850262
3428989668
869651247
4140625145
2082795067
1858303223
2612509999
3269721826
2676225106
2866539831
233433529
2558475625
3307002421
1498278273
3787417356
2452698846
1834703750
2627650150
925981864
4232684931
1847301249
2331801642
3035075890
1587297796
1356743287
3890892884
2550016817
2218903205
2673807874
3265887816
940865912
1556311854
1778820922
3391475842
2879692457
4105318939
3876072988
3381378965
787695011
3361590543
1784780910
3573261062
3304493537
4152805405
4291210283
405529355
627738368
2883675483
1566039781
1983525154
1059764551
1020469522
3593545512
1454410650
1335962031
3565831538
45953000
1806900091
3343287460
2161563041
4156140415
2404248734
429382746
2167909795
2480707476
3973275761
3518781357
2869950789
985963616
4115597606
3130353713
1596990191
3294457759
1238381916
4282965
3181114564
4263009775
2850188148
2378468462
123821503
420285627
2889963391
1505252029
3104529625
2423927164
2288627401
2295792784
826740191
2896550306
1441279275
2290455383
1685853159
3079735852
3382444975
3833382938
203429950
912192166
3344326733
2670596154
1387904396
1698418467
3480292401
3455990968
3520952750
460019537
744701410
723777234
672037056
613230693
1411210182
2549704468
1680912076
2276729645
949421182
1136737378
3302921015
2375464772
508512614
293679782
3777066009
1441268250
3891159236
1034357485
1035974202
4289681650
1007629174
3904514424
4181753931
2963867960
1022362005
3450502362
3873028335
2255873795
3623533630
2537061491
1456047244
3243168678
2552755658
1039751275
1021964215
322625879
2763439936
1398762961
3999145999
35331707
27946064
2104662694
1113336756
2546768275
601043530
3180576178
3942035038
2900381448
3674047316
363120376
1222507295
2698913512
396053970
2183378437
957658821
4058080283
1165754515
2308171380
